86
5'F 10790 476 652522 477 0 0
5'F&5'F 18492 467 456989 279 658752 1
5'R 26159 524 277966 519 0 0
5'R 63743 475 436511 482 0 0
5'R 73190 519 375813 514 0 0
RefR&5'F 80693 468 80745 397 364913 1
5'R 89346 515 447383 513 0 0
5'R 101213 534 445777 540 0 0
5'F 107075 548 748875 542 0 0
5'F 122149 470 401120 474 0 0
5'R 129452 509 823339 507 0 0
3'R&3'R 141107 474 62919 362 122854 1
5'R 161730 527 899038 524 0 0
5'R 163446 526 719196 527 0 0
RefR&5'F 171031 526 171043 371 548962 1
RefR&5'F 173171 428 173204 253 653101 1
5'F 177238 479 556547 482 0 0
5'F 189435 520 710633 517 0 0
5'R&5'F 196432 522 436380 242 475984 1
5'R 218317 503 585470 502 0 0
5'F 263144 493 577298 493 0 0
5'F&RefF 273339 584 908480 512 273846 1
3'F&5'R 285856 556 72953 375 404592 1
3'R&5'F 301800 447 273852 151 517988 1
3'F 308896 508 17438 506 0 0
5'F&5'R 313628 527 631822 260 700424 1
3'F 318424 124 46587 344 0 0
3'F 321270 522 9707 488 0 0
3'F 346104 466 78815 470 0 0
RefR&5'F 347439 510 347649 127 583935 1
3'F 354276 467 167824 467 0 0
5'F 355689 530 534133 536 0 0
RefR&5'R 368244 467 368568 156 462708 1
RefR&5'F 387302 527 387476 301 679044 1
5'R 427194 439 602442 438 0 0
3'R&RefR 437744 509 267384 240 437929 1
5'R 473439 212 967526 213 0 0
5'R 483191 542 709721 537 0 0
RefF&3'F 490745 591 490845 64 432116 1
5'R 508208 144 798253 180 0 0
3'F 515903 516 154586 522 0 0
5'R 524340 453 847738 402 0 0
5'F&RefF 547772 596 832447 518 548285 1
3'R&5'R 580202 462 424385 177 989477 1
5'R&5'R 589658 712 708398 291 757812 1
3'F 602901 512 580990 513 0 0
5'F 613261 508 683558 509 0 0
3'F 630488 52 425638 204 0 0
3'F 640827 485 447157 486 0 0
3'R 645648 305 316027 392 0 0
3'F 651176 478 400183 483 0 0
5'R 660725 521 679515 524 0 0
3'R 666438 510 499536 519 0 0
5'R 675943 534 816563 541 0 0
5'R 677787 515 836648 525 0 0
RefR 685858 438 685516 435 0 0
3'R 694939 518 608105 522 0 0
3'R 741130 527 30029 528 0 0
5'F 742199 442 964876 444 0 0
3'F 750750 462 677164 459 0 0
3'F 755654 474 344704 469 0 0
3'R&RefR 786968 709 279158 382 787202 1
3'F 796659 504 683135 505 0 0
5'F 812156 443 841550 438 0 0
3'F 828417 451 717204 456 0 0
3'F&RefR 838416 507 309536 337 838671 1
3'F 852918 514 686872 509 0 0
3'F 853884 462 51837 469 0 0
3'F 868027 529 863387 535 0 0
3'R 877072 488 393506 444 0 0
3'R 887372 529 429413 537 0 0
3'R&3'F 892041 546 294080 433 465683 1
3'F 893371 457 888669 460 0 0
3'F&3'F 906313 523 61727 445 567460 1
3'R 909459 557 846243 490 0 0
3'R 910151 521 643621 518 0 0
3'R 922952 528 557950 526 0 0
3'R 941278 520 110383 525 0 0
3'F&RefR 941837 468 405457 108 941896 1
3'R 946145 515 40699 521 0 0
3'R 947178 536 402606 533 0 0
3'R&3'F 960333 524 11260 326 784377 1
3'R&3'R 961805 514 213116 245 469515 1
RefF&3'F 969393 623 969353 120 2937 1
3'F 972229 462 760283 460 0 0
3'F&3'F 981899 470 531230 106 769105 1
